2012-07-03,580.47,588.38,578.09,587.83,1141000,580.47
2012-07-02,581.82,583.00,576.50,580.47,1655500,580.47
2012-06-29,574.96,580.13,572.20,580.07,2519500,580.07
2012-06-28,565.90,566.23,557.21,564.31,1920900,564.31
2012-06-27,567.70,573.99,566.02,569.30,1692300,569.30
2012-06-26,562.76,566.60,559.48,564.68,1350200,564.68
2012-06-25,567.33,568.09,557.35,560.70,1581600,560.70
2012-06-22,568.00,571.48,565.82,571.48,2227900,571.48
2012-06-21,579.84,579.84,563.73,565.21,2011300,565.21
2012-06-20,579.81,580.00,573.51,577.51,2346700,577.51
2012-06-19,573.59,584.28,573.12,581.53,2076200,581.53
2012-06-18,562.62,574.21,559.25,570.85,2496900,570.85
2012-06-15,560.34,564.52,557.09,564.51,3001200,564.51
2012-06-14,561.30,565.07,556.52,559.05,2344900,559.05
2012-06-13,561.72,567.00,558.68,561.09,1954200,561.09
2012-06-12,569.77,570.30,558.58,565.10,3224200,565.10
2012-06-11,584.21,585.32,566.69,568.50,2661100,568.50
2012-06-08,575.85,581.00,574.58,580.45,1410400,580.45
2012-06-07,587.60,587.89,577.25,578.23,1758500,578.23
2012-06-06,576.48,581.97,573.61,580.57,2095800,580.57
2012-06-05,575.45,578.13,566.47,570.41,2339900,570.41
2012-06-04,570.22,580.49,570.01,578.59,2432700,578.59
2012-06-01,571.79,572.65,568.35,570.98,3057900,570.98
2012-05-31,588.72,590.00,579.00,580.86,2968300,580.86
2012-05-30,588.16,591.90,583.53,588.23,1906700,588.23
2012-05-29,595.81,599.13,588.32,594.34,2605700,594.34
2012-05-25,601.00,601.73,588.28,591.53,3581900,591.53
2012-05-24,609.16,611.92,598.87,603.66,1891300,603.66
2012-05-23,601.65,609.60,597.12,609.46,3200000,609.46
2012-05-22,613.44,613.81,596.00,600.80,3051900,600.80
2012-05-21,600.51,615.69,600.00,614.11,3075400,614.11